
	139, 139, 139, 139, 139, 139, 143, 143, 143, 139, 
	139, 133, 130,   0,   0,   0, 128,   0, 167, 169,

	145, 143, 143, 143, 143, 143, 133, 128,   0, 143, 
	143, 139, 139,   0, 132,   0,   0,   0, 171, 174,

	145,   0, 159, 161,   0,   0,   0,   0, 132,   0, 
	  0, 143, 145,   0,   0,   0, 128,   0,   0, 134,

	145, 135, 163, 166,   0, 128, 159, 161, 147, 148, 
	149,   0, 145,   0, 139,   0, 139,   0, 132,   0,

	145,   0,   0, 138,   0,   0, 163, 166,   0,   0, 
	  0,   0, 145, 139, 141, 144, 141, 139, 139, 139,

	145, 137, 128, 159, 161, 138,   0, 144,   0, 130, 
	  0, 128, 143, 143, 143, 138, 143, 143, 143, 145,

	145,   0,   0, 163, 166,   0,   0,   0,   0, 152, 
	134,   0,   0, 142,   0,   0,   0,   0, 150, 145,

	145, 130, 131,   0, 138,   0, 128,   0, 142,   0, 
	  0, 140,   0,   0, 136, 136, 136, 136, 136, 145,

	145, 139, 139, 139, 139,   0,   0,   0,   0,   0, 
	  0,   0,   0,   0, 136, 136, 154, 136, 136, 145,

	143, 143, 143, 143, 145, 131, 132, 139,   0,   0, 
	134, 139, 131, 130, 136, 136, 136, 136, 136, 145,

	130, 155, 157, 128, 145, 139, 139, 141, 134, 144, 
	  0, 141, 139, 139, 139, 139, 139, 139, 139, 145,

	  0, 128,   0, 132, 143, 143, 143, 143,   0, 138, 
	  0, 143, 143, 143, 143, 143, 143, 143, 143, 143,
